1[]
2[]
3[]
4[]
5[]
6[]
7[]
8[]
9[]
10[]
11[]
12[]
13[]
14[]
15[]
16[]
17[]
18[]
19[]
20[]
21[]
22[]
23[]
START
1[]
2[]
3[]
4[]
5[1, 9]
6[]
7[1]
8[]
9[]
10[1, 1]
11[]
12[]
13[]
14[]
15[1]
16[1, 9, 1, 1, 1, 1, 1]
17[1, 1, 1, 1, 1, 1, 1]
18[1, 1]
19[]
20[]
21[]
22[1, 1, 1]
23[1, 1, 1, 1, 1, 1]
24[1, 1, 1, 1, 1]
25[1, 9, 1, 1, 1, 1]
26[1, 9, 1, 1, 1]
27[1, 1, 1, 1, 1]
28[1, 1, 1, 1, 1]
29[1, 1, 1, 1, 1]
30[1, 1, 1, 1, 1]
31[1, 1, 1]
32[1, 1, 1, 1, 1, 1]
33[1, 1, 1, 1, 1, 1, 1]
34[1, 1, 1, 1, 1, 1, 1]
35[1, 1, 1, 1, 1, 1]
36[1]
37[]
38[]
39[]
40[]
41[]
42[]
43[]
44[1]
45[1, 9, 1, 1, 1]
46[1, 1, 1, 1, 1]
47[1, 9, 1, 1, 1, 1, 1]
48[1, 1, 1, 1, 1, 1]
49[1, 1, 1]
50[1]
51[1, 1]
52[1]
53[]
54[]
55[]
56[]
57[]
58[1, 1, 1, 1]
59[1, 1]
60[1, 1]
61[1, 9, 1]
62[1, 1]
63[1, 1, 1, 1, 1]
64[1, 1, 1, 1, 1, 1, 1]
65[1, 1, 1, 1, 1, 1]
66[1, 1, 1]
67[1, 1, 1, 1, 1]
68[1, 1, 1, 1, 1, 1, 1]
69[1, 1, 1, 1, 1, 1]
70[1, 1, 1, 1, 1, 1, 1]
71[1, 1, 1, 1, 1, 1, 1]
72[1, 1, 1, 1]
73[]
74[1, 1]
75[1, 1, 1]
76[]
77[]
78[]
79[]
80[]
81[]
82[1, 9]
83[1]
84[1]
85[1, 1]
86[1, 1]
87[]
88[1]
89[]
90[1]
91[1, 9, 1]
92[1, 1]
93[]
94[1]
95[1]
96[]
97[1, 1, 1]
98[]
99[1]
100[1, 1, 1, 1]
101[]
102[1, 1]
103[1, 1, 1, 1, 1, 1, 1]
104[1, 1, 1, 1, 1, 1]
105[1, 1, 1, 1, 1, 1, 1]
106[1, 1, 1, 1, 1, 1, 1]
107[1, 1, 1, 1, 1, 1]
108[1, 9, 1, 1, 1, 1]
109[1, 1]
110[]
111[]
112[]
113[]
114[1, 1, 1, 1]
115[1, 1, 1, 1, 1, 1]
116[1, 1, 1, 1, 1]
117[1, 1, 1, 1, 1]
118[1, 1, 1, 1, 1]
119[1, 1, 1, 1, 1]
120[1, 1, 1, 1]
121[1, 9, 1]
122[1, 9, 1]
123[1, 1, 1]
124[1, 9, 1]
125[1]
126[1, 1]
127[1]
128[1, 1, 1]
129[1, 1]
130[1, 1]
131[1]
132[1, 1]
133[1]
134[1, 1]
135[1]
136[1, 1]
137[1]
138[1, 1]
139[1]
140[1, 1, 1, 1, 1, 1, 1]
141[1, 1]
142[1, 9]
143[1, 1, 1, 1, 1]
144[1, 1, 1, 1, 1]
145[1, 1, 1]
146[1, 9, 1, 1, 1, 1, 1]
147[1, 1, 1, 1]
148[1, 1, 1, 1, 1]
149[1, 1, 1, 1]
150[1, 1, 1]
151[1, 1, 1, 1]
152[1, 1, 1, 1, 1]
153[1, 1, 1, 1]
154[1, 1, 1]
155[1, 9]
156[1, 1]
157[1]
158[1]
159[1]
160[1]
161[1, 1]
162[1, 1]
163[1, 9]
164[]
165[1, 9]
166[1]
167[1]
168[1]
169[1, 1]
170[1]
171[1]
172[1]
173[1]
174[1, 1]
175[1]
176[1]
177[1]
178[1, 1]
179[1, 1, 1]
180[1, 1]
181[1, 9]
182[1]
183[1, 1]
184[1]
185[]
186[]
187[]
188[]
189[]
190[]
191[]
192[]
193[]
194[]
195[]
196[]
197[]
198[]
199[]
200[]
201[]
202[]
203[]
204[]
205[]
206[]
207[]
208[]
209[]
210[]
211[]
212[]
213[]
214[]
215[]
216[]
217[]
218[1, 9]
219[]
220[1]
221[]
222[1]
223[]
224[]
225[]
226[1, 9]
227[1]
228[1]
229[1]
230[1]
231[1, 1]
232[1]
233[1, 1, 1, 1, 1]
234[1, 1, 1, 1, 1, 1]
235[1, 9, 1, 1, 1, 1, 1]
236[1, 1, 1, 1, 1, 1]
237[1, 1, 1, 1, 1, 1, 1]
238[1, 1, 1, 1, 1, 1]
239[1, 1, 1, 1, 1, 1]
240[1, 1, 1, 1, 1, 1]
241[]
242[]
243[]
244[]
245[1]
246[1, 1, 1, 1, 1]
247[]
248[]
249[]
250[]
251[]
252[]
253[]
254[1, 9]
255[]
256[1]
257[]
258[1, 9]
259[]
260[1]
261[1, 1]
262[1]
263[]
264[1]
265[1]
266[1, 9]
267[1]
268[1, 1]
269[1]
270[1]
271[1]
272[1, 1, 1]
273[1, 1]
274[1, 1]
275[1, 1]
276[]
277[1, 1]
278[]
279[]
280[]
281[]
282[]
283[1, 9]
284[]
285[]
286[1]
287[1]
288[1]
289[1, 1]
290[1]
291[1]
292[]
293[1, 9]
294[]
295[1]
296[1]
297[1]
298[1]
299[1, 1]
300[]
301[]
302[]
303[1, 9, 1, 1]
304[1, 1]
305[1]
306[]
307[1]
308[1]
309[]
310[1, 1, 1]
311[1, 1, 1]
312[1, 1, 1, 1, 1]
313[]
314[]
315[]
316[]
317[]
318[]
319[]
320[]
321[]
322[]
323[1, 9, 1]
324[]
325[1, 1]
326[1, 1, 1, 1]
327[1, 1, 1, 1, 1]
328[1, 1, 1, 1, 1, 1, 1]
329[1, 1]
330[1, 1, 1, 1, 1, 1]
331[1, 1, 1, 1, 1, 1, 1]
332[1, 1, 1, 1, 1]
333[1, 1, 1, 1, 1]
334[1, 1, 1, 1, 1]
335[1, 1, 1, 1, 1, 1]
336[1, 1, 1, 1, 1]
337[1, 1, 1, 1, 1, 1]
338[1, 1, 1]
339[1, 9, 1, 1]
340[1, 1, 1, 1]
341[1, 1, 1, 1, 1, 1]
342[1, 1, 1, 1, 1]
343[1, 1, 1, 1, 1, 1]
344[1, 1, 1]
345[1, 1, 1, 1, 1]
346[1, 1, 1, 1, 1]
347[1, 1, 1]
348[1]
349[1, 1, 1]
350[1, 1, 1, 1, 1, 1]
351[1, 1, 1]
352[1, 1]
353[1]
354[1, 1]
355[1, 1]
356[1, 9, 1]
357[]
358[]
359[]
360[1, 9]
361[]
362[2]
363[1]
364[2, 1]
365[2, 2, 2, 2, 2, 2, 2]
366[2, 2, 2, 2, 2, 2]
367[2, 2, 2, 2, 2, 2]
368[2, 2, 2, 2, 2, 2, 2]
369[2, 9, 1, 1, 1]
370[1, 2, 2]
371[2, 2, 2, 2, 2]
372[2, 2, 2, 2, 2]
373[2, 2, 2, 2, 2, 2]
374[2, 9, 1, 1, 1]
375[2, 2, 2, 2, 2]
376[2, 2, 2, 2, 2, 2]
377[2, 2, 2, 2, 2]
378[2, 2, 2, 2, 2, 2]
379[2, 2, 2, 2, 2]
380[2, 2, 2, 2, 2]
381[2, 2, 2, 2, 2]
382[2, 2, 2, 2, 1]
383[2, 1]
384[2, 1, 2]
385[2, 2, 1]
386[2, 2, 1]
387[2, 2, 1]
388[2, 2]
389[2, 2, 2, 1, 1]
390[1, 1, 2, 2, 2]
391[2, 1, 1]
392[1, 1, 2, 9, 2, 2]
393[2, 1, 1, 1]
394[1, 2, 2, 2, 2]
395[1, 1, 1]
396[2, 9, 2, 2, 2, 1]
397[1, 2, 2, 2, 2]
398[2, 2, 2, 2, 2, 2]
399[2, 2, 2, 2, 2, 2]
400[2, 2, 2, 2, 2]
401[2, 2, 2, 2, 2, 2]
402[2, 2, 2, 2, 2]
403[2, 2, 2, 2, 2]
404[2, 2, 2, 2, 2, 2]
405[2, 2, 2, 2, 2]
406[2, 2, 2, 2, 2]
407[1, 1]
408[1, 1, 1, 1, 1]
409[1, 1, 1, 1, 1]
410[1, 1, 1, 1, 1]
411[1, 1, 1, 1, 1, 1]
412[1, 1, 1, 1, 1]
413[1, 1, 1, 1, 1]
414[1, 1, 1, 1, 1, 1]
415[1, 1, 1, 1, 1]
416[1, 1, 1, 1, 1]
417[1, 1, 1, 1, 1, 1]
418[1, 1, 1, 1, 1]
419[1, 1, 1, 1]
420[1]
421[]
422[1]
423[]
424[]
425[]
426[]
427[]
428[]
429[2, 9, 1, 1]
430[2, 2]
431[1, 1, 1, 1]
432[2, 2, 2, 2]
433[2, 2, 2, 2, 2, 2]
434[2, 1, 1, 1, 1]
435[1, 1, 1, 1, 1]
436[2, 9, 1]
437[2]
438[1, 1]
439[2, 2]
440[1, 1]
441[2, 2, 1, 1]
442[2, 9, 2]
443[1, 2, 2, 2]
444[2, 2, 2, 2, 2]
445[2, 2, 2, 2]
446[1]
447[2]
448[]
449[]
450[1, 1, 1, 1, 1]
451[1, 1, 1, 1, 1, 1, 1]
452[1, 1, 1, 1, 1]
453[1, 1, 1, 1, 1, 1]
454[1, 1, 1, 1, 1, 1]
455[1, 1, 1, 1, 1]
456[1, 2, 9, 1]
457[2]
458[2, 2, 2, 2, 2, 2]
459[2, 1]
460[1, 1, 1, 1, 1]
461[1, 2]
462[1, 1, 1, 1, 1, 1]
463[1, 1, 1, 1, 1, 1]
464[1, 1, 1, 1, 1]
465[1, 1, 1, 1, 1, 1]
466[1, 2, 9, 2]
467[2, 1, 1, 1]
468[1, 1, 1, 1, 1, 1]
469[1, 1, 1, 1]
470[2, 1, 1]
471[1, 1, 1, 1, 1]
472[1, 1, 1, 1, 1, 1]
473[1, 1, 1, 1, 1, 1]
474[1, 1, 2, 9]
475[1, 1, 1, 1]
476[1, 1, 1, 1, 1, 1]
477[1, 2, 2, 2]
478[2, 2, 2, 2, 2, 2]
479[2, 2, 2, 2, 2, 2]
480[2, 2, 2, 2, 2]
1[1]
2[]
3[2, 2, 2, 2, 2, 2]
4[1, 1, 1, 1]
5[1, 1, 1, 1, 1]
6[1, 1, 1, 1, 1, 1]
7[1, 1, 1, 1]
8[1, 1, 1, 2, 9]
9[1]
10[1, 1, 1, 1, 1, 1]
11[1, 1, 1, 1, 1]
12[2, 9]
13[1, 1, 1]
14[1, 1, 1, 1, 1, 1]
15[1, 1, 1, 1, 1, 1]
16[1, 1, 1, 1, 1]
17[2]
18[1, 1, 1, 1, 1]
19[1, 1, 1, 1, 1, 1]
20[1, 1, 1, 1, 1]
21[1, 1, 1, 1, 1, 1]
22[2]
23[1, 1, 1, 1]
24[1, 1, 1, 2, 9]
25[2, 2, 2, 2, 2]
26[2, 2, 2, 2, 2, 2]
27[2, 9, 1, 1, 1, 1, 1]
28[1, 1, 2, 2]
29[2, 2, 2, 2, 2]
30[2, 9, 2, 2, 2, 2, 2]
31[1, 1, 1, 1]
32[1, 1, 1, 1, 1, 1]
33[1, 1, 1, 1]
34[2, 2, 2, 2, 2]
35[2, 2, 2, 2, 2, 2]
36[2, 2, 2, 2, 2]
37[2, 2, 2, 2, 2]
38[2, 2, 2, 2, 2]
39[2, 2, 2, 1]
40[1, 1, 1, 1, 1]
41[1, 1, 1, 1, 1, 1]
42[1, 1, 1]
43[1, 1, 1, 1, 1, 1]
44[1, 1, 1, 1, 1, 1, 1]
45[2, 1]
46[1, 1, 1, 1]
47[1, 1, 1, 1, 1, 1]
48[1, 1, 1, 1, 1, 1]
49[1, 1, 1, 1]
50[2, 9, 1]
51[1, 1, 1, 1, 1, 1]
52[1, 1, 1, 1, 1]
53[1, 1, 1, 1, 1]
54[1, 1, 1, 1, 1, 1]
55[1, 1, 2, 2]
56[2, 2, 2, 2, 2, 2]
57[2, 2, 2, 2, 2]
58[2, 2, 2, 2, 2]
59[2, 9, 1, 2]
60[2, 2, 2, 2, 2]
61[2, 2, 2, 2, 2]
62[2, 2, 2, 2, 2, 2]
63[2, 2, 2, 2, 2]
64[2, 2, 2, 2, 2]
65[1, 1, 1, 1, 1]
66[1, 1, 1, 1, 1, 1]
67[1, 1, 1, 1, 1]
68[1, 1, 1, 1, 1, 1]
69[1, 1, 1, 1]
70[2, 9]
71[1, 1, 1, 1, 1]
72[1, 1, 1, 1, 1]
73[1, 1, 1, 1, 1]
74[1, 1, 1, 1, 2]
75[2, 2, 2, 2]
76[2, 2, 2, 2, 2, 2]
77[2, 2, 2, 2, 2]
78[2, 2, 2, 2, 2]
79[2, 9, 2, 2, 2, 2]
80[1]
81[1, 1, 1, 1, 1]
82[1, 1, 1, 1]
83[1, 1, 1]
84[1, 1, 1]
85[1, 1, 1]
86[1, 1, 1]
87[1, 1, 1]
88[1, 1, 1]
89[1, 1]
90[1, 1, 1]
91[1, 1, 1]
92[1, 1, 1]
93[1, 2, 9]
94[1, 1, 1]
95[1, 1, 1, 1, 1]
96[1, 1, 1]
97[1, 1, 1, 1]
98[1, 1, 1]
99[1, 1, 1]
100[1, 1, 1]
101[1, 2, 9]
102[2]
103[2, 2, 2, 2]
104[2, 2, 2, 2]
105[2, 2, 2, 2]
106[2, 2]
107[2, 2]
108[2, 2, 2]
109[2, 2]
110[2, 2, 2, 2]
111[1]
112[1, 1, 1, 1, 1, 1]
113[1, 1, 1, 1, 1]
114[1, 1, 1, 1, 1, 1]
115[1, 1, 1, 1, 1]
116[1, 1, 1, 1, 1]
117[1, 1, 1, 1, 1]
118[2]
119[1, 1, 1, 2, 2]
120[1, 1, 1, 1, 1]
121[2, 9, 1]
122[1, 1, 1, 1]
123[1, 1]
124[]
125[2, 2]
126[2, 1, 1, 1]
127[1, 1, 1, 1, 1, 1]
128[1, 1, 1, 1, 1, 1]
129[1, 1, 1, 1, 1, 1]
130[1, 1, 1, 1, 1]
131[1, 1, 1, 1, 1, 1]
132[1, 1, 1, 1, 1]
133[1, 2, 2]
134[2, 2, 2, 2, 2]
135[2, 2, 2, 2, 2]
136[2, 2, 2, 2, 2]
137[2, 2, 2, 2, 2, 2]
138[2, 2, 2, 2, 2]
139[2, 1]
140[2, 9, 2, 2]
141[2, 2, 2]
142[1, 2, 2, 2]
143[2, 1, 2]
144[2, 1, 1, 1]
145[1, 1, 1, 1, 1, 1]
146[1, 1, 1, 1, 1]
147[1, 1, 1, 1, 1, 1]
148[1, 1, 2]
149[2, 2, 2, 2, 2]
150[2, 9, 2, 2, 2, 2]
151[2, 9, 1, 1, 1, 1]
152[1]
153[1, 1, 1, 1]
154[1, 1, 1, 1, 1]
155[1, 1, 1, 1, 1]
156[1, 1, 1, 1, 1]
157[1, 1, 1, 1]
158[1, 1, 1, 1, 1, 1]
159[1, 1, 1, 1, 1]
160[1, 1, 1, 1, 1]
161[2, 9]
162[1, 1, 1]
163[1, 1, 1, 1]
164[1, 1, 1, 1, 1]
165[1, 1, 1, 1, 1, 1]
166[1, 1, 1, 1, 1]
167[1, 1, 1, 1, 1]
168[1, 1, 1, 1, 1]
169[1, 1, 1, 1, 1]
170[1, 1, 1, 1]
171[1, 1, 1, 1, 1]
172[1, 1, 1, 1, 1, 1]
173[1, 1, 1, 1]
174[2, 9]
175[1, 1, 1, 1]
176[1, 1, 1, 1, 1]
177[1, 1, 1]
178[1, 1, 1]
179[1, 1]
180[1, 1, 1]
181[1, 1, 1]
182[1, 1, 1]
183[1, 1, 1, 1]
184[1, 1, 1, 1]
185[1, 1, 1, 1, 1]
186[1, 1, 1, 1, 1]
187[1, 1, 1, 1, 1, 1]
188[1, 2, 9]
189[2]
190[1, 1, 1, 1]
191[1, 1, 1, 1, 1, 1]
192[1, 1, 1, 1, 1]
193[1, 1, 1, 1, 1]
194[1, 1, 1, 1, 1, 1]
195[1, 1, 1, 1, 1]
196[1, 1, 1, 1, 1]
197[1, 1, 1, 1, 1, 1]
198[1, 1, 1, 1, 1]
199[1, 1, 1, 1, 1, 1]
200[1, 1, 1, 2, 9]
201[1]
202[1, 1, 1, 1, 1, 1]
203[1, 1, 1, 1, 1]
204[1, 1, 1, 1, 1]
205[1, 1, 1, 1, 1]
206[1, 1, 1, 1, 1]
207[1, 1, 1, 1]
208[2, 9, 1, 1]
209[1, 1, 1, 1, 1]
210[2, 2, 2, 2]
211[1, 1, 1, 1, 1]
212[1, 1, 1, 1, 1]
213[1, 1, 1, 1, 1, 1]
214[1, 1, 1, 1, 1]
215[2]
216[1, 1, 1, 1, 1]
217[1, 1, 1, 1, 1]
218[1, 1, 1, 1, 1]
219[1, 1, 1, 1, 1, 1]
220[1, 1, 1, 1, 1]
221[1, 2]
222[1, 1, 1, 1, 1]
223[1, 1, 1, 1, 1, 1]
224[1, 1, 1, 1, 1]
225[1, 1, 1, 1, 1]
226[1, 1, 1, 1, 1, 1]
227[1, 1, 1, 1, 1]
228[1, 1, 1, 1, 1, 1]
229[1, 1, 1, 1, 1]
230[1, 1, 1, 1, 1]
231[2, 9]
232[1, 1, 1, 1, 1, 1]
233[1, 1, 1, 1, 1, 1]
234[1, 1, 1, 1, 1, 1]
235[1, 1, 1, 1, 1]
236[1, 1, 1, 1, 1]
237[1, 1, 1, 1, 1]
238[1, 1, 1, 1, 1, 1]
239[1, 1, 1, 1, 1]
240[1, 1, 1, 1, 1, 1]
241[1, 1]
242[2, 9, 1, 1, 1]
243[1, 1, 1, 1, 1]
244[1, 1, 1, 1, 1, 1]
245[1, 1, 1, 1, 1]
246[1, 1, 1, 1, 1, 1]
247[1, 1, 1, 1, 1, 1]
248[1, 1, 1, 1, 1, 1]
249[1, 1, 1, 1]
250[1, 1, 1, 1, 1]
251[1, 1, 2]
252[1, 1, 1, 1]
253[1, 1, 1, 1, 1, 1]
254[1, 1, 1, 1, 1]
255[1, 1, 1, 1, 1, 1]
256[1, 1, 1, 1, 1]
257[1, 1, 1]
258[]
259[1, 1, 1, 1, 1]
260[1, 1, 1, 1, 1]
261[1, 1, 1, 1, 1, 1]
262[1, 1, 1, 1, 1]
263[1, 1, 1, 1, 1]
264[1, 1, 1, 1, 1]
265[1, 2, 9]
266[2, 1]
267[1, 1, 1, 1, 1, 1]
268[1, 1, 1, 1, 1]
269[1, 1, 1, 1, 1, 1]
270[1, 1, 1, 1]
271[1, 1, 1, 1]
272[1, 1, 1, 1]
273[1, 1, 1, 1]
274[1, 1, 1, 1]
275[1, 1, 1, 1, 1, 1]
276[1, 1, 1, 1, 1]
277[1, 1, 1, 1, 1, 1]
278[1, 1, 1, 1, 1]
279[1, 1, 1, 1, 1, 1]
280[2, 9]
281[2, 2]
282[2, 2, 2, 2, 2]
283[2, 2, 2, 2, 2]
284[2, 2, 2, 2, 2, 2]
285[2, 2, 2, 2, 2, 2]
286[2, 2, 2, 2, 2]
287[2, 2, 2, 2]
288[]
289[]
290[1, 2]
291[2, 2, 2, 2]
292[2, 9, 2, 2, 2, 2, 2]
293[2, 2, 2, 2, 2]
294[2, 2, 2, 2, 2, 2]
295[2, 2, 2, 2, 2]
296[2]
297[]
298[1, 2]
299[2, 2, 2, 2]
300[2, 2]
301[1]
302[2, 9]
303[]
304[]
305[]
306[]
307[]
308[2, 1]
309[2, 9]
310[]
311[1, 2]
312[1, 2]
313[1, 2]
314[1, 2, 9]
315[1]
316[2, 1]
317[2, 2]
318[1, 1]
319[2, 2, 1]
320[1, 2, 2]
321[1, 2]
322[1, 2]
323[1, 2]
324[1, 2, 1]
325[2, 1]
326[2, 1]
327[2, 1]
328[2, 1]
329[2, 1]
330[2, 1]
331[2, 2, 2, 2, 2, 2, 2]
332[1, 1, 1]
333[]
334[]
335[1, 2, 9]
336[]
337[2, 1]
338[2, 2]
339[1, 1]
340[2, 2, 1]
341[1, 2, 2]
342[1, 1]
343[2, 2]
344[1, 1, 2]
345[2, 2, 1]
346[1, 1, 2, 2]
347[2, 1, 1]
348[2, 2]
349[1, 1, 2, 2]
350[1, 1, 2]
351[2, 1, 1]
352[2, 2, 1, 1]
353[2, 9, 1]
354[2, 1, 2]
355[1]
356[1, 2, 2]
357[1, 1, 2, 2]
358[1, 1, 2, 2]
359[1, 1, 2]
360[2, 1, 1]
361[2, 2, 1, 1]
362[2, 2, 1]
363[1]
364[]
365[]
366[]
367[]
368[2, 9]
369[2]
370[1, 2]
371[1, 2]
372[1, 2, 1]
373[2, 1, 1]
374[2, 2, 1]
375[2]
376[]
377[]
378[1, 1, 2]
379[2, 2, 2, 2]
380[1, 1, 1, 1]
381[1, 1, 1, 1, 1]
382[1, 1, 1, 1]
383[2, 9, 2, 2, 2, 2, 2]
384[2, 2, 2, 2, 2, 2]
385[]
386[1, 1]
387[1, 1, 1, 1]
388[2, 1, 2]
389[1, 2, 1]
390[2, 1]
391[2, 1, 2]
392[1, 2]
393[1]
394[2, 9]
395[]
396[]
397[]
398[]
399[2]
400[1, 2]
401[1]
402[2, 2]
403[2, 2, 2]
404[2, 9]
405[2, 2, 2, 2]
406[2, 9, 1]
407[2, 2, 2]
408[2, 2, 2]
409[1, 1, 1, 1]
410[1, 1, 1, 1]
411[1, 1]
412[2, 9, 1]
413[2, 2]
414[2, 2, 2, 2]
415[2, 2, 1]
416[1, 1, 1, 1]
417[1, 1, 1, 1]
418[1, 1, 1, 1]
419[1, 1, 1, 2, 9, 1]
420[2]
421[2, 9, 1, 2]
422[2, 1, 1]
423[2, 1, 1, 1]
424[2, 2]
425[1, 1, 2, 2]
426[1, 1, 2]
427[2, 9, 2, 2]
428[1, 1, 2]
429[2, 1, 1]
430[2, 2, 1]
431[1, 2, 2]
432[2, 2, 2, 2, 2]
433[1, 1]
434[1, 1, 1, 1, 1]
435[1, 1, 1, 1]
436[1, 1, 2]
437[2, 2, 2]
438[2, 2, 2, 2]
439[2, 2, 1, 1]
440[1, 2, 2, 2]
441[2, 2, 2]
442[2, 2, 2, 2, 2]
443[1, 1]
444[2, 2, 1]
445[1, 2, 2, 1]
446[1, 2, 9, 1]
447[2, 9, 2, 1]
448[1, 2, 2]
449[2, 2, 2, 2]
450[2, 2]
451[2, 2]
452[2, 2]
453[2, 2]
454[2, 2]
455[1, 1]
456[2, 2]
457[1, 1, 2]
458[1, 1, 2, 2]
459[1, 1, 2, 2]
460[1, 1, 2]
461[2, 9, 1, 1]
462[1, 1, 2, 9]
463[1, 2, 2]
464[1, 1, 1, 2]
465[2, 2, 2, 2]
466[1, 2, 1]
467[2, 1, 2]
468[1, 2]
469[1, 2, 2]
470[1, 1, 2, 2]
471[1, 1]
472[2]
473[2, 1, 1]
474[2, 2, 1, 1]
475[2, 2, 1]
476[1, 2, 2]
477[1, 1, 2, 2]
478[1, 1]
479[2, 2, 2]
480[1, 1]
1[2, 9, 1, 2]
2[2, 2, 2, 2]
3[1, 1, 1, 1, 1]
4[1, 1, 1, 1, 1, 1]
5[1, 1, 1, 1, 1, 1]
6[1, 1]
7[2]
8[2, 1]
9[2, 1]
10[2]
11[2, 1]
12[2, 9]
13[1]
14[1]
15[2, 9]
16[2, 1]
17[]
18[2, 1]
19[2]
20[2, 2]
21[2, 1]
22[1]
23[1, 1]
24[2, 2]
25[2]
26[2, 2]
27[2, 2]
28[2]
29[2, 2]
30[2, 2]
31[2]
32[2, 9, 2]
33[2, 2]
34[2, 2]
35[2]
36[2, 2]
37[2, 2]
38[2]
39[2, 2]
40[2, 2]
41[2, 1]
42[1, 1]
43[1]
44[2, 9, 2]
45[1]
46[2]
47[1, 2]
48[1]
49[1, 1]
50[1, 1]
51[1, 1]
52[1, 1]
53[1, 1]
54[1, 1]
55[1, 1]
56[1, 1]
57[1, 1]
58[1, 1]
59[1, 1]
60[1, 1]
61[1, 1]
62[1, 2]
63[2, 9]
64[]
65[]
66[2]
67[1]
68[2, 2]
69[]
70[2, 9]
71[]
72[2, 2]
73[1]
74[1]
75[2]
76[1]
77[]
78[]
79[]
80[2, 9]
81[1]
82[]
83[]
84[2, 9]
85[]
86[]
87[]
88[]
89[2]
90[1]
91[]
92[]
93[2]
94[1]
95[2]
96[1]
97[1]
98[1]
99[2]
100[2, 9]
101[]
102[]
103[]
104[2]
105[1]
106[2, 2]
107[1, 1]
108[2, 2, 1]
109[1, 2, 2]
110[1, 1, 2]
111[2, 9, 2]
112[1, 2]
113[1, 2, 1]
114[2, 1, 2]
115[1, 2]
116[2, 2, 2]
117[1, 1, 1, 1]
118[1, 1, 1, 1, 1]
119[2, 2, 2, 2, 2, 2]
120[]
121[]
122[]
123[]
124[]
125[]
126[]
127[2, 9, 3, 9]
128[2, 9, 3, 9]
129[2, 9, 3, 9]
130[2, 9]
131[3, 9, 2, 9]
132[3, 9, 2, 9]
133[3, 9, 2, 9]
134[3, 9, 2, 9]
135[3, 9, 2, 9]
136[3, 9, 2, 9]
137[3, 9]
138[2, 9, 3, 9, 2, 9]
139[3, 9, 2, 9]
140[3, 9]
141[2, 9, 3, 9]
142[2, 9, 3, 9]
143[2, 9]
144[3, 9, 2, 9]
145[3, 9, 2, 9]
146[]
147[3, 9, 2, 9]
148[3, 9]
149[2, 9, 3, 9]
150[2, 9]
151[3, 9, 2, 9]
152[3, 9]
153[2, 9]
154[3, 9, 2, 9]
155[3, 9]
156[2, 9]
157[3, 9]
158[]
159[2, 9, 3, 9]
160[2, 9, 3, 9]
161[2, 9, 3, 9]
162[2, 9, 3, 9]
163[2, 9, 3, 9]
164[2, 9, 3, 9]
165[2, 9, 2, 9, 2, 9, 2, 9]
166[2, 9, 2, 9, 2, 9, 2, 9, 2, 9, 2, 9]
167[2, 9, 2, 9, 2, 9, 2, 9, 2, 9, 2, 9, 2, 9]
168[2, 9, 2, 9, 2, 9, 1, 1]
169[1, 2, 9, 2, 9, 2, 9]
170[2, 9, 2, 9, 2, 9, 2, 9, 2, 9, 2, 9, 2, 9]
171[2, 9, 2, 9, 2, 9, 2, 9, 2, 9, 2, 9, 2, 9]
172[2, 9, 2, 9, 2, 9, 2, 9, 2, 9, 2, 9]
173[2, 9, 2, 9, 2, 9, 2, 9, 2, 9, 2, 9]
174[2, 9, 2, 9, 2, 9, 2, 9, 2, 9, 2, 9]
175[2, 9, 2, 9, 2, 9, 2, 9, 2, 9, 2, 9]
176[2, 9, 2, 9, 2, 9, 2, 9, 2, 9, 2, 9]
177[2, 9, 2, 9, 2, 9, 2, 9, 2, 9, 2, 9]
178[2, 9, 2, 9, 2, 9, 2, 9, 2, 9]
179[2, 9, 2, 9, 2, 9, 2, 9, 2, 9, 2, 9]
180[2, 9, 2, 9, 2, 9, 2, 9, 2, 9]
181[2, 9, 2, 9, 2, 9, 2, 9, 2, 9, 2, 9]
182[2, 9, 2, 9, 2, 9, 2, 9, 2, 9]
183[2, 9, 2, 9, 2, 9, 2, 9, 2, 9, 2, 9, 2, 9]
184[2, 9, 2, 9, 2, 9, 2, 9, 2, 9, 2, 9]
185[2, 9, 2, 9, 2, 9, 2, 9, 2, 9]
186[2, 9, 2, 9, 2, 9, 2, 9, 2, 9, 2, 9]
187[2, 9, 2, 9, 2, 9, 2, 9, 2, 9]
188[2, 9, 2, 9, 2, 9, 2, 9]
189[2, 9, 2, 9, 2, 9, 2, 9, 2, 9, 2, 9]
190[2, 9, 2, 9, 2, 9, 2, 9, 2, 9]
191[2, 9, 2, 9, 2, 9, 2, 9, 2, 9, 2, 9]
192[2, 9, 2, 9, 2, 9, 2, 9, 2, 9, 2, 9]
193[2, 9, 2, 9, 2, 9, 2, 9, 2, 9]
194[2, 9, 2, 9, 2, 9, 2, 9, 2, 9, 2, 9]
195[2, 9, 2, 9, 2, 9, 2, 9, 2, 9]
196[2, 9, 2, 9, 2, 9, 2, 9, 2, 9]
197[2, 9, 2, 9, 2, 9, 2, 9, 2, 9, 2, 9]
198[2, 9, 2, 9, 2, 9, 2, 9, 2, 9]
199[2, 9, 2, 9, 2, 9, 2, 9, 2, 9]
200[2, 9, 2, 9, 2, 9, 2, 9, 2, 9]
201[2, 9, 2, 9, 2, 9, 2, 9, 2, 9]
202[2, 9, 2, 9, 2, 9, 2, 9, 2, 9, 2, 9]
203[2, 9, 2, 9, 2, 9, 2, 9, 2, 9, 2, 9]
204[2, 9, 2, 9, 2, 9, 2, 9, 2, 9]
205[2, 9, 2, 9, 2, 9, 2, 9, 2, 9, 2, 9]
206[2, 9, 2, 9, 2, 9, 2, 9, 2, 9]
207[2, 9, 2, 9, 2, 9, 2, 9, 2, 9, 2, 9]
208[2, 9, 2, 9, 2, 9]
209[2, 9, 2, 9, 2, 9, 2, 9, 2, 9, 2, 9]
210[2, 9, 2, 9, 2, 9, 2, 9, 2, 9]
211[2, 9, 2, 9, 2, 9, 2, 9, 2, 9, 2, 9]
212[2, 9, 2, 9, 2, 9, 2, 9, 2, 9]
213[2, 9, 2, 9, 2, 9, 2, 9, 2, 9, 2, 9]
214[2, 9, 2, 9, 2, 9, 2, 9, 2, 9]
215[2, 9, 2, 9, 2, 9, 2, 9, 2, 9]
216[2, 9, 2, 9, 2, 9, 2, 9, 2, 9]
217[2, 9, 2, 9, 2, 9, 2, 9, 2, 9]
218[2, 9, 2, 9, 2, 9, 2, 9, 2, 9]
219[2, 9, 2, 9, 2, 9, 2, 9, 2, 9]
220[2, 9, 2, 9, 2, 9, 2, 9, 2, 9, 2, 9]
221[2, 9, 2, 9, 3, 9]
222[3, 9, 3, 9, 3, 9, 3, 9, 3, 9, 3, 9]
223[3, 9, 3, 9, 2, 9]
224[3, 9, 2, 9, 3, 9]
225[2, 9, 2, 9, 2, 9, 2, 9, 2, 9, 2, 9]
226[2, 9, 2, 9, 2, 9, 2, 9, 2, 9, 2, 9]
227[2, 9, 2, 9, 2, 9, 2, 9, 2, 9, 2, 9]
228[2, 9, 2, 9, 2, 9, 2, 9, 2, 9]
229[2, 9, 2, 9, 2, 9, 2, 9, 2, 9, 2, 9]
230[2, 9, 2, 9, 2, 9, 2, 9]
231[2, 9, 2, 9, 2, 9, 2, 9, 2, 9, 2, 9]
232[2, 9, 2, 9, 2, 9, 2, 9, 2, 9]
233[2, 9, 2, 9, 2, 9, 2, 9, 2, 9, 2, 9]
234[2, 9, 2, 9, 2, 9, 2, 9, 2, 9]
235[2, 9, 2, 9, 2, 9, 2, 9, 2, 9, 2, 9]
236[2, 9, 2, 9, 2, 9, 2, 9, 2, 9, 2, 9]
237[2, 9, 2, 9, 2, 9, 2, 9, 2, 9]
238[2, 9, 2, 9, 2, 9, 2, 9, 2, 9]
239[2, 9, 2, 9, 2, 9, 2, 9, 2, 9, 2, 9]
240[2, 9, 2, 9, 2, 9, 2, 9, 2, 9]
241[]
242[2, 9, 2, 9, 2, 9, 2, 9, 2, 9]
243[2, 9, 2, 9, 2, 9, 2, 9, 2, 9, 2, 9]
244[2, 9, 2, 9, 2, 9, 2, 9, 2, 9, 2, 9]
245[2, 9, 2, 9, 2, 9]
246[2, 9, 2, 9, 2, 9, 2, 9, 2, 9]
247[2, 9, 2, 9, 2, 9, 2, 9, 2, 9, 2, 9]
248[2, 9, 2, 9, 2, 9, 2, 9, 2, 9]
249[2, 9, 2, 9, 2, 9, 2, 9, 2, 9]
250[2, 9, 2, 9, 2, 9, 2, 9, 2, 9]
251[2, 9, 2, 9, 2, 9, 2, 9, 2, 9]
252[2, 9, 2, 9, 2, 9, 2, 9, 2, 9, 2, 9]
253[2, 9, 2, 9, 2, 9, 2, 9, 2, 9]
254[2, 9, 2, 9, 2, 9, 2, 9, 2, 9]
255[2, 9, 2, 9, 2, 9, 2, 9, 2, 9, 2, 9]
256[2, 9, 2, 9, 2, 9, 2, 9, 2, 9]
257[2, 9, 2, 9, 2, 9, 2, 9, 2, 9]
258[2, 9, 2, 9, 2, 9, 2, 9, 2, 9, 2, 9]
259[2, 9, 2, 9, 2, 9, 2, 9, 2, 9]
260[2, 9, 2, 9, 2, 9, 2, 9, 2, 9]
261[2, 9, 2, 9, 2, 9, 2, 9, 2, 9]
262[2, 9, 2, 9, 2, 9, 2, 9, 2, 9, 2, 9]
263[2, 9, 2, 9, 2, 9, 2, 9, 2, 9, 2, 9]
264[2, 9, 2, 9, 2, 9, 2, 9, 2, 9]
265[2, 9, 2, 9, 2, 9, 2, 9, 2, 9]
266[2, 9, 2, 9, 2, 9, 2, 9, 2, 9]
267[2, 9, 2, 9, 2, 9, 2, 9, 2, 9, 2, 9]
268[2, 9, 2, 9, 2, 9, 2, 9, 2, 9]
269[2, 9, 2, 9, 2, 9, 2, 9, 2, 9]
270[2, 9, 2, 9, 2, 9, 2, 9, 2, 9, 2, 9]
271[2, 9, 2, 9, 2, 9, 2, 9, 2, 9]
272[2, 9, 2, 9, 2, 9, 2, 9]
273[2, 9, 2, 9, 2, 9, 2, 9]
274[2, 9, 2, 9, 2, 9, 2, 9, 2, 9, 2, 9]
275[]
276[]
277[]
278[2, 9, 2, 9, 2, 9, 2, 9, 2, 9]
279[2, 9, 2, 9, 2, 9, 2, 9, 2, 9, 2, 9]
280[2, 9, 2, 9, 2, 9, 2, 9, 2, 9, 2, 9, 2, 9]
281[2, 9, 2, 9, 2, 9, 2, 9, 2, 9]
282[2, 9, 2, 9, 2, 9, 2, 9]
283[2, 9, 2, 9, 2, 9, 2, 9, 2, 9]
284[2, 9, 2, 9, 2, 9, 2, 9, 2, 9]
285[2, 9, 2, 9, 2, 9, 2, 9, 2, 9, 2, 9]
286[2, 9, 2, 9, 2, 9, 2, 9]
287[2, 9, 2, 9, 2, 9, 2, 9, 2, 9, 2, 9]
288[2, 9, 2, 9, 2, 9, 2, 9, 2, 9, 2, 9]
289[2, 9, 2, 9, 2, 9, 2, 9, 2, 9]
290[2, 9, 2, 9, 2, 9, 2, 9, 2, 9, 2, 9, 2, 9]
291[2, 9, 2, 9]
292[2, 9, 2, 9, 2, 9]
293[2, 9, 2, 9, 2, 9, 2, 9, 2, 9]
294[2, 9, 2, 9, 2, 9, 2, 9, 2, 9]
295[2, 9, 2, 9, 2, 9, 2, 9, 2, 9]
296[2, 9, 2, 9, 2, 9, 2, 9, 2, 9]
297[2, 9, 2, 9, 2, 9, 2, 9]
298[1, 1, 1, 1]
299[1, 2, 9, 2, 9, 2, 9]
300[2, 9, 2, 9, 2, 9, 2, 9, 2, 9, 2, 9]
301[2, 9, 2, 9, 2, 9, 2, 9, 2, 9]
302[2, 9, 2, 9, 2, 9, 2, 9]
303[2, 9, 2, 9, 2, 9, 2, 9, 2, 9]
304[2, 9, 2, 9, 2, 9, 2, 9]
305[2, 9, 2, 9, 2, 9, 2, 9]
306[2, 9, 2, 9, 2, 9, 2, 9, 2, 9]
307[2, 9, 2, 9, 2, 9]
308[2, 9, 2, 9, 2, 9, 2, 9]
309[2, 9, 2, 9, 2, 9, 2, 9, 2, 9]
310[2, 9, 2, 9, 2, 9, 2, 9, 2, 9]
311[2, 9, 2, 9, 2, 9, 2, 9, 2, 9]
312[2, 9, 2, 9, 2, 9, 2, 9, 2, 9, 2, 9]
313[2, 9, 2, 9, 2, 9, 2, 9, 2, 9]
314[2, 9, 2, 9, 2, 9, 2, 9, 2, 9]
315[2, 9, 2, 9, 2, 9, 2, 9, 2, 9]
316[2, 9, 2, 9, 2, 9, 2, 9, 2, 9]
317[2, 9, 2, 9, 2, 9, 2, 9, 2, 9, 2, 9]
318[2, 9, 2, 9, 2, 9, 2, 9, 2, 9]
319[2, 9, 2, 9, 2, 9, 2, 9, 2, 9, 2, 9]
320[2, 9, 2, 9, 2, 9, 2, 9, 2, 9]
321[2, 9, 2, 9, 2, 9, 2, 9, 2, 9]
322[2, 9, 2, 9]
323[]
324[]
325[]
326[]
327[]
328[]
329[]
330[]
331[]
332[]
333[]
334[]
335[]
336[]
337[]
338[]
339[]
340[]
341[]
342[]
343[]
344[]
345[]
346[]
347[]
348[]
349[]
350[]
351[]
352[]
353[]
354[]
355[]
356[]
357[]
358[]
359[]
360[]
361[]
362[2, 9, 2, 2, 2]
363[2, 1, 1]
364[2, 9, 2, 2, 2, 2, 2]
365[2, 2, 1, 2]
366[2, 2, 1, 2]
367[1, 2, 1]
368[2, 2, 1]
369[2, 1, 2, 2]
370[1, 1, 1, 1]
371[]
372[]
373[]
374[2, 2]
375[2, 9, 2, 2]
376[2, 2, 2]
377[2, 2, 2]
378[1]
379[1, 1, 2, 2]
380[1, 1, 2, 9]
381[2, 1]
382[2, 2, 1]
383[2, 1]
384[2, 1, 2]
385[2, 1]
386[2, 2, 1]
387[1, 2]
388[1, 2]
389[1, 1, 2]
390[1]
391[2]
392[2]
393[2]
394[2, 9]
395[2]
396[1]
397[1]
398[2, 9]
399[1]
400[1, 2, 2]
401[1]
402[1]
403[2]
404[1]
405[2, 2, 2]
406[2, 2, 2, 2]
407[1]
408[1, 1, 1]
409[2, 2, 2, 1]
410[1, 1, 1, 1, 1, 1]
411[1, 2, 9, 2, 2]
412[2, 2, 2, 1]
413[2, 1]
414[2, 2]
415[2, 2, 2, 2]
416[2, 2, 2, 2, 2, 2]
417[2, 2, 2, 1]
418[1, 1, 1, 1, 1, 1]
419[1, 1, 1, 1, 1, 1]
420[1, 1, 1, 1, 1]
421[1, 2]
422[1, 1, 1]
423[1, 1, 1, 1]
424[2, 2]
425[2, 2, 2, 2, 2]
426[2, 9, 2, 2]
427[]
428[1, 1, 1, 1, 1]
429[1, 1, 1, 1, 1]
430[1, 1, 1]
431[2, 2, 1, 1]
432[1, 1, 2, 2, 2]
433[2, 2, 2, 2, 2, 2]
434[2, 2, 2, 2, 2]
435[2, 1, 2]
436[2, 2, 2, 2, 2]
437[2, 2, 2, 2, 2, 2]
438[2, 2, 2, 2, 2]
439[1, 1, 1, 1]
440[1, 1]
441[1, 1, 1]
442[1, 1, 2]
443[2, 9, 1, 1]
444[2, 2, 1, 1]
445[2, 2, 1]
446[1, 2, 2]
447[1, 1, 2, 2]
448[1, 1, 2]
449[2, 1, 1]
450[2, 2, 1, 1]
451[2, 2, 1]
452[1, 2, 2]
453[1, 1, 2, 9, 2]
454[1, 1, 2]
455[2, 1]
456[1, 1]
457[1, 1]
458[1, 1]
459[1, 1, 1]
460[1, 2]
461[2, 2, 2]
462[2, 2]
463[2, 2, 2]
464[2, 9, 2]
465[2, 2]
466[2, 2, 2, 2, 2]
467[1, 1, 1]
468[1, 2]
469[2, 2, 2, 2, 2]
470[2, 9, 2]
471[2, 2, 2]
472[2, 2, 2]
473[]
474[]
475[]
476[]
477[2]
478[2, 2, 2]
479[1, 1, 1, 1]
480[2, 2, 2]
1[2, 1]
2[1, 1, 2, 2]
3[2, 1, 1]
4[2, 2, 2, 1, 1]
5[1, 2, 2, 2]
6[2, 2]
7[1, 1]
8[1, 1, 1]
9[1, 1, 2, 9]
10[2, 1, 2]
11[2, 2, 2, 1]
12[1, 1, 1, 1, 1]
13[1, 1, 1, 2]
14[2, 2, 2, 2, 2]
15[2, 2, 2]
16[1]
17[1, 2, 2]
18[2, 2, 2]
19[2, 2, 2, 2, 2]
20[2, 2, 2, 2, 2, 2]
21[2, 2, 2, 2, 2]
22[2, 2, 2, 2, 2]
23[2, 2, 2, 1]
24[2, 9, 1]
25[]
26[]
27[2, 9, 2]
28[2, 1]
29[2, 2, 1]
30[]
31[2, 1]
32[2]
33[1, 1, 1]
34[1, 2]
35[1, 1, 1, 1]
36[1, 2]
37[1, 1, 1, 1, 2]
38[2, 2, 2, 2]
39[1, 2, 2]
40[2, 2, 1]
41[1, 1, 1]
42[2, 2, 2, 2]
43[2, 1, 1, 1, 1]
44[2, 9]
45[1]
46[1, 1, 1, 1]
47[2, 1, 1]
48[1, 1, 1]
49[2, 2, 2, 2, 2]
50[2]
51[1]
52[2]
53[1]
54[2]
55[1]
56[2, 2]
57[2, 2, 2, 2, 2, 2, 2]
58[2, 2, 2, 2, 2, 2]
59[2, 2, 2, 2, 2, 2]
60[2, 2, 2, 1]
61[2, 1]
62[1, 1, 1, 2, 9]
63[]
64[2]
65[]
66[2, 9]
67[2]
68[]
69[2]
70[2, 2]
71[2]
72[1, 1]
73[2, 2]
74[]
75[2]
76[2]
77[]
78[2]
79[2, 9]
80[2, 2]
81[2]
82[2]
83[2, 9]
84[2]
85[2, 2]
86[2]
87[2]
88[2, 9]
89[2, 2]
90[2]
91[2]
92[2, 2]
93[2]
94[2, 2]
95[2]
96[2]
97[2, 2]
98[2]
99[2]
100[2, 2]
101[2, 9]
102[2]
103[2]
104[2, 9, 2]
105[2]
106[2]
107[2, 2]
108[2]
109[2, 2]
110[2]
111[2]
112[2, 2]
113[2]
114[2, 2]
115[2]
116[2]
117[2]
118[2]
119[2]
120[2, 2]
121[]
122[2, 9, 2]
123[2, 2, 2]
124[2, 2, 2, 2, 2, 2]
125[2, 2, 2]
126[2, 2]
127[2]
128[2, 2]
129[2, 9]
130[2]
131[2, 2]
132[2, 2]
133[2]
134[2, 2]
135[2, 2]
136[2]
137[2, 2]
138[2, 9, 2]
139[2]
140[2, 2]
141[2, 2]
142[2, 2]
143[2]
144[2, 2]
145[2, 2]
146[2, 2]
147[2]
148[2, 9, 2]
149[2]
150[2, 2]
151[2, 2]
152[2]
153[2, 9, 2]
154[2, 2]
155[2, 2]
156[2]
157[2, 2]
158[2, 2]
159[2]
160[2, 2]
161[2, 2]
162[2, 2]
163[2, 9]
164[2, 2]
165[2]
166[2, 2]
167[2, 2]
168[2, 2]
169[2]
170[2, 2]
171[2, 2]
172[2]
173[2]
174[]
175[2]
176[2]
177[1]
178[2, 1, 1]
179[1, 1, 1, 2]
180[2, 9, 2, 2, 2]
181[2, 2, 2]
182[]
183[2]
184[2]
185[2, 2, 2]
186[2, 2]
187[2]
188[2, 2]
189[2]
190[2, 2]
191[2, 2]
192[2, 2, 2]
193[2, 9]
194[2, 2]
195[2]
196[2]
197[2, 2]
198[2, 2]
199[2]
200[2, 2]
201[2, 1]
202[1, 2]
203[2]
204[]
205[2, 9]
206[2, 2]
207[2, 2]
208[2, 2]
209[2, 2]
210[2]
211[2]
212[]
213[2, 9]
214[2, 9]
215[2]
216[2]
217[2]
218[2, 9]
219[2]
220[2, 9]
221[2, 2]
222[2]
223[2, 2]
224[2]
225[2]
226[2, 2]
227[2]
228[2]
229[2, 2]
230[2, 2]
231[2]
232[2, 2]
233[2]
234[2]
235[2, 9]
236[2, 2]
237[2]
238[2, 2]
239[2, 2]
240[2]
241[2, 9]
242[2]
243[2]
244[2, 2]
245[2, 2]
246[2, 9, 2]
247[2, 2]
248[2, 2]
249[2]
250[2, 2, 2]
251[2, 2]
252[2, 9, 2]
253[2, 2]
254[2, 9]
255[2, 2]
256[2, 2]
257[2, 2, 2]
258[2, 2]
259[2, 2]
260[2, 2]
261[2, 2]
262[2, 2]
263[2, 2]
264[]
265[2, 2, 2]
266[2, 2]
267[2, 2]
268[2, 2, 2]
269[2, 2]
270[2, 9, 2]
271[2, 2]
272[2, 2]
273[2, 2, 2]
274[2, 2]
275[2, 9, 2]
276[2, 2, 2]
277[2, 2]
278[2]
279[2, 2, 2]
280[2, 2, 2]
281[2, 2]
282[2, 2, 2]
283[2, 2, 2]
284[2, 2, 2, 2]
285[2, 2, 2, 2, 2]
286[2, 2, 2, 2, 2, 2]
287[2]
288[2, 2, 2]
289[2, 2]
290[2, 2]
291[2, 9]
292[2, 2]
293[2, 2, 2]
294[2, 2, 2, 2, 2]
295[2, 2, 2, 2, 2, 2]
296[2, 2, 2, 2, 2]
297[2, 2, 2]
298[2, 2]
299[2, 2, 2]
300[2]
301[]
302[2, 2, 2]
303[2, 2, 2]
304[2]
305[2, 2, 2]
306[2, 9, 2, 2]
307[2, 2, 2]
308[2, 2]
309[2, 2, 2, 2, 2]
310[2, 2, 2, 2]
311[1, 1, 1, 1, 1]
312[1, 1]
313[2, 2, 2, 2]
314[2, 9, 2, 2, 2]
315[2, 2, 2]
316[2, 2]
317[2, 2, 2, 2]
318[2, 2, 2]
319[2, 2]
320[2, 2, 2, 2]
321[2, 2, 2, 2, 2]
322[2, 2, 2, 2]
323[2]
324[2, 2, 2, 2, 2]
325[2, 2, 2, 2]
326[2, 2, 2]
327[2, 2, 2]
328[2, 2, 2, 2]
329[2]
330[2, 2]
331[2, 2, 2]
332[2]
333[2, 9]
334[2]
335[2, 2]
336[2, 9, 1]
337[1, 2]
338[2, 2]
339[2, 2]
340[2, 2]
341[2]
342[2, 2]
343[2]
344[2, 2, 2, 2]
345[2, 2]
346[2]
347[2]
348[2, 2]
349[2]
350[2, 2]
351[2, 9]
352[2, 2, 2, 2, 2]
353[2, 2, 2]
354[2, 2, 2, 2, 2]
355[2, 2, 2]
356[2, 2]
357[2, 2, 2]
358[2, 2, 2]
359[2, 2, 2, 2]
360[2, 2]
361[1, 2]
362[2, 2, 2, 2]
363[2, 9]
364[2]
365[2, 2, 2, 2]
366[2, 2, 2, 2]
367[2, 2, 2]
368[2, 2, 2, 2, 2]
369[2, 2, 2, 2]
370[2, 2, 2]
371[2, 2, 2]
372[2, 2, 2, 2]
373[2, 2, 2, 2]
374[2, 9, 2]
375[2, 2, 2]
376[2, 2]
377[2, 2, 2]
378[2, 2, 2, 2, 2]
379[2, 2, 2, 2]
380[1, 1, 1, 2]
381[2, 2, 2, 2, 2, 2]
382[2, 2, 2]
383[2]
384[2]
385[2]
386[2, 2]
387[2, 2]
388[2, 2]
389[2, 2]
390[2, 2]
391[2, 9]
392[2, 2]
393[2]
394[2, 2]
395[2, 2]
396[2, 2]
397[2, 9, 2]
398[2]
399[1]
400[2, 2]
401[2, 2]
402[2, 2]
403[2, 2]
404[2, 2]
405[2, 2]
406[2, 2]
407[2]
408[2, 2]
409[]
410[2, 2, 2, 2]
411[]
412[2]
413[2, 2, 2]
414[2, 2]
415[2, 9, 2, 2]
416[2, 2, 2]
417[2, 2]
418[2, 2, 2]
419[2, 2, 2]
420[2, 2]
421[2, 2, 2]
422[2]
423[2, 2]
424[2, 2]
425[2, 2]
426[2, 9]
427[2]
428[2, 2]
429[]
430[2]
431[2, 2]
432[2]
433[2, 2, 2]
434[2, 2]
435[2, 2, 2]
436[2, 2]
437[2, 2, 2]
438[2]
439[1, 1, 2, 2]
440[2, 2]
441[2, 2, 2, 2]
442[2, 9, 1, 1, 2, 2]
443[2, 2, 2, 2]
444[2, 2, 2, 2]
445[2, 2, 2]
446[2, 2]
447[2, 2]
448[2, 2]
449[1, 2, 1]
450[2, 2]
451[1]
452[2, 1, 2]
453[1, 2]
454[1, 1, 2, 9]
455[1]
456[]
457[1, 1, 1]
458[1, 1, 1, 1]
459[1, 1, 1, 1, 1]
460[1, 1, 1, 1, 1]
461[1, 1, 1, 1, 1, 1]
462[1, 1]
463[1, 1]
464[2, 9, 2, 2]
465[2]
466[2, 2, 2]
467[2, 2]
468[2]
469[2, 2, 2, 2]
470[2, 2, 2]
471[2, 2, 2, 2]
472[2, 2, 2, 2]
473[2, 2, 2, 2]
474[2, 2, 2, 2, 2]
475[2, 2, 2, 2]
476[1, 1, 2, 2]
477[2, 9, 1]
478[2, 2]
479[2, 2, 2, 2, 2]
480[2, 2, 2]
1[2, 2]
2[2, 2, 2, 2]
3[2, 2, 2]
4[2, 2, 2, 2]
5[2, 2, 2]
6[2, 2, 2]
7[2, 9, 1]
8[2, 2, 2]
9[2, 2, 2, 2]
10[2, 2, 2]
11[2, 2]
12[2, 2, 2, 2]
13[2, 9, 2, 2]
14[2, 2, 2]
15[2, 2, 2, 2]
16[2, 9, 2, 2]
17[2, 2, 2, 2]
18[2, 2, 2]
19[2, 2, 2, 2]
20[2, 9, 1]
21[2, 2, 2, 2]
22[2, 2, 2, 2]
23[2, 2, 2]
24[2, 2, 2, 2]
25[2, 2, 2]
26[2, 9, 2, 2]
27[2, 2, 2, 2]
28[2, 2, 2]
29[2, 2, 2]
30[2, 2, 2]
31[2, 2, 2, 2]
32[2, 2, 2]
33[2, 2, 2]
34[2, 2, 2, 2]
35[2, 2, 2]
36[2, 2, 2, 2]
37[2, 2, 2]
38[1, 1, 1, 1]
39[1, 1, 1, 1]
40[1, 1, 1, 1]
41[1, 1, 1]
42[1, 1, 1, 1]
43[2]
44[2, 2, 2]
45[2, 9, 2, 2, 2]
46[2, 2, 2]
47[2]
48[2, 9, 1]
49[2, 2, 2, 2, 2]
50[2, 2, 2]
51[2, 2, 2]
52[2, 2, 2, 2]
53[2, 2]
54[2, 2, 2]
55[2, 2, 2]
56[2, 2, 2]
57[2, 2, 2]
58[2, 2, 2]
59[2, 2]
60[2, 2, 2]
61[2]
62[2, 2]
63[2, 9]
64[2, 2, 2]
65[2, 2, 2]
66[2, 2, 2]
67[2, 2, 2]
68[2, 2, 2]
69[1, 1, 1]
70[2, 2, 2]
71[2, 2, 2]
72[2, 2]
73[2, 9]
74[2, 2]
75[2]
76[2, 2]
77[2, 2]
78[2, 2]
79[2, 9, 1]
80[2, 9]
81[2, 2]
82[2, 2]
83[2, 2]
84[2, 2, 2]
85[2]
86[2, 2, 2, 2]
87[2, 2, 2, 2]
88[1, 1]
89[1, 2, 2]
90[2]
91[]
92[2, 9]
93[]
94[]
95[2]
96[]
97[]
98[2]
99[]
100[]
101[2, 9]
102[]
103[]
104[]
105[]
106[]
107[]
108[2, 9]
109[]
110[]
111[]
112[2]
113[]
114[2]
115[]
116[]
117[2, 9]
118[]
119[]
120[]
121[]
122[]
123[2]
124[2]
125[2]
126[]
127[]
128[]
129[2]
130[]
131[]
132[2]
133[]
134[2]
135[]
136[]
137[]
138[]
139[]
140[2]
141[2, 2, 2, 2]
142[2, 2, 1, 1, 1]
143[2, 2, 2, 2]
144[2, 2, 2, 2]
145[]
146[]
147[]
148[]
149[2]
150[2]
151[2, 2, 2, 2]
152[2, 2]
153[2]
154[2]
155[2]
156[2]
157[2]
158[2]
159[]
160[2]
161[]
162[]
163[]
164[]
165[2]
166[]
167[]
168[]
169[]
170[]
171[]
172[]
173[2]
174[]
175[1, 1]
176[2, 2, 2, 2, 2]
177[2, 2]
178[]
179[]
180[2]
181[]
182[2]
183[2, 2]
184[2, 1]
185[2, 1, 2]
186[1, 2]
187[1, 2, 1]
188[2, 2]
189[2, 2]
190[2, 2, 2]
191[2]
192[2, 2]
193[2, 2]
194[2, 2]
195[2]
196[2, 2]
197[2, 2, 2]
198[2, 2]
199[2]
200[2]
201[]
202[2]
203[2]
204[]
205[2]
206[]
207[2]
208[]
209[]
210[2]
211[2, 2, 2, 2]
212[2, 2, 2, 2, 2, 2]
213[2, 2, 2, 2, 2]
214[2, 2, 2, 2, 2, 2]
215[]
216[]
217[]
218[]
219[]
220[]
221[]
222[]
223[]
224[]
225[]
226[]
227[]
228[]
229[]
230[]
231[]
232[]
233[]
234[2, 2]
235[2, 2, 2, 2]
236[1, 1]
237[1, 1, 1, 1, 1, 1, 1]
238[1, 1, 1, 1, 1, 1, 1]
239[1, 1, 1, 1, 1]
240[1, 1, 1, 1, 1, 1, 1]
241[1, 1, 1, 2]
242[2, 2, 2, 2, 2, 2, 2]
243[2, 2, 2, 2, 2, 2]
244[2, 2, 2, 2, 2, 2]
245[2, 2, 2, 2, 2, 2]
246[2, 2, 2, 2, 2, 2, 2]
247[]
248[1]
249[1, 1, 2, 2, 2, 2]
250[2, 2]
251[2, 2, 2]
252[1, 1, 1, 1, 1, 1]
253[1, 2, 2, 2, 2, 2]
254[2, 2, 2, 2, 2]
255[2, 2, 2, 2]
256[1, 1, 1, 2]
257[2, 2, 2, 2, 2]
258[2, 2, 1, 1]
259[1, 1, 1, 1, 1]
260[2, 2, 2, 2, 2]
261[2, 2, 2]
262[2, 2, 2, 2]
263[]
264[2, 2, 2]
265[1, 1, 1, 2]
266[2, 2, 2]
267[]
268[]
269[]
270[2, 2]
271[2, 2, 2, 2]
272[2, 2, 2, 2, 2, 2, 2]
273[]
274[2]
275[2, 2, 2, 2]
276[2, 2, 2, 2, 2]
277[2, 2, 2, 2, 2, 2]
278[2, 2, 2, 2]
279[2, 2, 2, 2, 2, 2]
280[2, 2, 2, 2, 2]
281[]
282[]
283[2]
284[2, 1, 1]
285[]
286[]
287[]
288[1, 1, 1, 1, 1, 1, 1]
289[1, 1, 1]
290[2, 2, 2, 2]
291[]
292[1]
293[2]
294[1]
295[2]
296[1]
297[2]
298[1]
299[2]
300[1]
301[2]
302[1]
303[2, 1]
304[2]
305[1]
306[2]
307[1]
308[2, 1]
309[2]
310[2]
311[]
312[]
313[2]
314[]
315[]
316[2]
317[]
318[2]
319[1, 2]
320[]
321[2]
322[2]
323[]
324[]
325[2]
326[2]
327[1, 2]
328[]
329[]
330[]
331[]
332[]
333[]
334[]
335[]
336[]
337[]
338[]
339[2, 2, 2, 2]
340[2]
341[1, 1, 1, 1]
342[1, 1, 2, 2, 2]
343[2, 2]
344[]
345[]
346[]
347[]
348[2, 2, 2, 2]
349[2]
350[2, 2]
351[2]
352[]
353[2, 1]
354[1]
355[2, 2, 2]
356[]
357[2]
358[]
359[]
360[2, 2]
361[]
362[1, 2]
363[2, 1, 2]
364[2, 1]
365[]
366[2]
367[]
368[2]
369[]
370[2]
371[]
372[]
373[2]
374[2]
375[2]
376[2]
377[2]
378[]
379[2]
380[2]
381[2]
382[2]
383[]
384[2]
385[2]
386[2]
387[2, 1, 1]
388[2, 2]
389[2]
390[2, 2]
391[]
392[]
393[]
394[2]
395[]
396[]
397[]
398[]
399[]
400[]
401[1]
402[1]
403[2]
404[]
405[]
406[]
407[]
408[]
409[]
410[]
411[2, 1]
412[2, 1]
413[2, 1, 2]
414[1, 2]
415[1]
416[]
417[]
418[]
419[]
420[]
421[]
422[]
423[2]
424[1]
425[]
426[2]
427[]
428[1]
429[]
430[]
431[]
432[]
433[]
434[]
435[]
436[]
437[]
438[]
439[2]
440[2]
441[]
442[]
443[]
444[]
445[]
446[]
447[2]
448[2]
449[2]
450[]
451[2]
452[1, 2]
453[2]
454[2]
455[]
456[]
457[]
458[]
459[]
460[]
461[]
462[]
463[2]
464[]
465[]
466[]
467[]
468[]
469[]
470[]
471[]
472[]
473[]
474[]
475[]
476[]
477[]
478[]
479[2]
480[]
1[2]
2[1, 2]
3[2]
4[]
5[]
6[]
7[2]
8[1, 2, 2]
9[]
10[2]
11[1]
12[2, 2, 2]
13[]
14[2, 2, 2]
15[2]
16[]
17[]
18[]
19[]
20[]
21[]
22[]
23[]
24[]
25[]
26[]
27[]
28[]
29[]
30[]
31[]
32[]
33[1]
34[]
35[]
36[]
37[]
38[]
39[]
40[]
41[]
42[]
43[]
44[]
45[]
46[]
47[2]
48[1]
49[2, 2]
50[2]
51[2, 2]
52[2, 2]
53[]
54[]
55[]
56[]
57[2]
58[]
59[]
60[]
61[2, 2]
62[2]
63[2, 2, 2]
64[]
65[2, 2, 2]
66[2, 2]
67[2, 2]
68[2]
69[2]
70[2]
71[2, 2]
72[2]
73[2]
74[2, 2, 2, 2]
75[2, 2, 2]
76[2, 2]
77[2, 2]
78[2]
79[1]
80[2]
81[]
82[]
83[]
84[]
85[]
86[2]
87[]
88[2, 2]
89[2]
90[]
91[2]
92[1, 2]
93[1]
94[1]
95[]
96[2]
97[2, 1]
98[2, 1]
99[2, 1]
100[2]
101[1]
102[2, 2]
103[2, 2]
104[2]
105[2, 2]
106[2]
107[]
108[2]
109[2]
110[2]
111[1]
112[2]
113[2, 2]
114[2]
115[2]
116[2, 2]
117[1]
118[1, 1]
119[2]
120[2, 2]
121[2]
122[2, 2]
123[2]
124[2]
125[2]
126[]
127[2, 2]
128[2, 2]
129[2]
130[2, 2]
131[2]
132[]
133[2]
134[]
135[]
136[]
137[2]
138[2]
139[2]
140[2]
141[2]
142[2]
143[2]
144[2, 2]
145[2, 2]
146[]
147[2]
148[2]
149[2, 2]
150[2]
151[2, 2]
152[2, 2]
153[]
154[2, 2]
155[]
156[]
157[2, 2]
158[2]
159[1, 2]
160[2, 1]
161[2, 2, 1]
162[2, 2, 2]
163[2, 2]
164[2, 2]
165[2, 2, 2]
166[]
167[2]
168[2, 2]
169[2]
170[2]
171[2, 2]
172[2, 2]
173[]
174[]
175[2]
176[2]
177[]
178[2]
179[]
180[2, 2]
181[2]
182[2]
183[2]
184[2, 2]
185[1]
186[2, 2, 2, 2]
187[1, 1]
188[2, 2]
189[2]
190[2]
191[2]
192[2, 2]
193[]
194[2, 2]
195[1, 1]
196[2, 2]
197[2]
198[2, 2]
199[1, 1]
200[2, 1]
201[2, 2]
202[1]
203[2, 2]
204[2, 2]
205[2]
206[2]
207[2]
208[2]
209[2]
210[2]
211[]
212[2]
213[2, 2]
214[2]
215[2]
216[1]
217[2]
218[]
219[1]
220[2]
221[2]
222[2, 2]
223[2, 1]
224[2]
225[1, 1]
226[1]
227[2, 1]
228[2]
229[2, 2]
230[1]
231[2]
232[1]
233[2, 1]
234[2]
235[1]
236[2, 1]
237[2, 1]
238[2]
239[2, 2]
240[2]
241[2, 2]
242[1]
243[2, 1, 2]
244[1, 2]
245[2, 2]
246[2, 2]
247[2]
248[2]
249[2]
250[]
251[2]
252[2]
253[2]
254[2, 2]
255[2, 2]
256[2, 2]
257[1]
258[2, 2]
259[2, 2]
260[2]
261[2]
262[2]
263[]
264[]
265[]
266[1]
267[]
268[]
269[]
270[]
271[]
272[2]
273[2, 2]
274[2, 2]
275[2, 2]
276[2, 2]
277[2]
278[2, 1]
279[1, 1]
280[]
281[2]
282[2, 2]
283[2, 1]
284[1, 2]
285[2, 2, 2]
286[2, 2, 2, 2]
287[2, 2]
288[2, 2, 2]
289[2, 2, 2]
290[2]
291[]
292[]
293[]
294[]
295[]
296[]
297[2]
298[2]
299[]
300[2, 2]
301[]
302[2, 2]
303[]
304[2]
305[2]
306[2]
307[2]
308[2]
309[2]
310[2]
311[2]
312[2]
313[]
314[]
315[2]
316[2, 2]
317[2]
318[2]
319[2]
320[2, 2]
321[2]
322[2, 2]
323[2]
324[2, 2]
325[2, 2]
326[2]
327[2, 2]
328[2, 2]
329[2, 2]
330[2]
331[2]
332[2]
333[1, 2]
334[1, 2, 2]
335[2, 2, 2, 2, 2]
336[1, 1, 1, 1]
337[1, 1, 1, 1]
338[2, 2, 2, 2]
339[2, 2, 2, 2]
340[]
341[2, 2]
342[2, 2]
343[]
344[2, 2, 2]
345[2, 2, 2, 2]
346[2]
347[2, 2]
348[2, 2]
349[2]
350[2, 2]
351[2, 2]
352[2, 2]
353[2, 2]
354[2, 2]
355[2, 2]
356[2, 2]
357[2, 2]
358[2]
359[2, 2]
360[2, 2]
361[2]
362[1, 2]
363[2, 2, 2]
364[2]
365[]
366[]
367[]
368[]
369[]
370[]
371[2]
